Begin State
2 5 1 
3 4 6 
7 8 0 

Goal State
1 2 3 
4 5 6 
7 8 0 

-----------------------------------

2 5 1 
3 4 6 
7 8 0 

Heuristic: 9
2 5 1 
3 4 0 
7 8 6 

Heuristic: 9
2 5 1 
3 4 6 
7 0 8 

2 5 1 
3 4 0 
7 8 6 

Heuristic: 10
2 5 0 
3 4 1 
7 8 6 

Heuristic: 10
2 5 1 
3 0 4 
7 8 6 

===============================
2 5 1 
3 0 4 
7 8 6 

Heuristic: 9
2 0 1 
3 5 4 
7 8 6 

Heuristic: 9
2 5 1 
0 3 4 
7 8 6 

Heuristic: 11
2 5 1 
3 8 4 
7 0 6 

===============================
2 0 1 
3 5 4 
7 8 6 

Heuristic: 8
2 1 0 
3 5 4 
7 8 6 

Heuristic: 8
0 2 1 
3 5 4 
7 8 6 

===============================
2 1 0 
3 5 4 
7 8 6 

Heuristic: 9
2 1 4 
3 5 0 
7 8 6 

===============================
2 1 4 
3 5 0 
7 8 6 

Heuristic: 10
2 1 4 
3 0 5 
7 8 6 

Heuristic: 8
2 1 4 
3 5 6 
7 8 0 

===============================
2 1 4 
3 5 6 
7 8 0 

Heuristic: 9
2 1 4 
3 5 6 
7 0 8 

===============================
2 1 4 
3 5 6 
7 0 8 

Heuristic: 10
2 1 4 
3 0 6 
7 5 8 

Heuristic: 10
2 1 4 
3 5 6 
0 7 8 

===============================
2 1 4 
3 0 6 
7 5 8 

Heuristic: 11
2 0 4 
3 1 6 
7 5 8 

Heuristic: 11
2 1 4 
3 6 0 
7 5 8 

Heuristic: 9
2 1 4 
0 3 6 
7 5 8 

===============================
2 1 4 
0 3 6 
7 5 8 

Heuristic: 10
0 1 4 
2 3 6 
7 5 8 

Heuristic: 10
2 1 4 
7 3 6 
0 5 8 

===============================
0 1 4 
2 3 6 
7 5 8 

Heuristic: 9
1 0 4 
2 3 6 
7 5 8 

===============================
1 0 4 
2 3 6 
7 5 8 

Heuristic: 8
1 4 0 
2 3 6 
7 5 8 

Heuristic: 8
1 3 4 
2 0 6 
7 5 8 

===============================
1 3 4 
2 0 6 
7 5 8 

Heuristic: 9
1 3 4 
2 6 0 
7 5 8 

Heuristic: 7
1 3 4 
0 2 6 
7 5 8 

Heuristic: 7
1 3 4 
2 5 6 
7 0 8 

===============================
1 3 4 
0 2 6 
7 5 8 

Heuristic: 8
0 3 4 
1 2 6 
7 5 8 

Heuristic: 8
1 3 4 
7 2 6 
0 5 8 

===============================
1 3 4 
7 2 6 
0 5 8 

Heuristic: 9
1 3 4 
7 2 6 
5 0 8 

===============================
1 3 4 
7 2 6 
5 0 8 

Heuristic: 10
1 3 4 
7 0 6 
5 2 8 

Heuristic: 8
1 3 4 
7 2 6 
5 8 0 

===============================
1 3 4 
7 2 6 
5 8 0 

Heuristic: 9
1 3 4 
7 2 0 
5 8 6 

===============================
1 3 4 
7 2 0 
5 8 6 

Heuristic: 8
1 3 0 
7 2 4 
5 8 6 

Heuristic: 10
1 3 4 
7 0 2 
5 8 6 

===============================
1 3 0 
7 2 4 
5 8 6 

Heuristic: 7
1 0 3 
7 2 4 
5 8 6 

===============================
1 0 3 
7 2 4 
5 8 6 

Heuristic: 8
0 1 3 
7 2 4 
5 8 6 

Heuristic: 6
1 2 3 
7 0 4 
5 8 6 

===============================
1 2 3 
7 0 4 
5 8 6 

Heuristic: 5
1 2 3 
7 4 0 
5 8 6 

Heuristic: 7
1 2 3 
0 7 4 
5 8 6 

Heuristic: 7
1 2 3 
7 8 4 
5 0 6 

===============================
1 2 3 
7 4 0 
5 8 6 

Heuristic: 6
1 2 0 
7 4 3 
5 8 6 

Heuristic: 4
1 2 3 
7 4 6 
5 8 0 

===============================
1 2 3 
7 4 6 
5 8 0 

Heuristic: 5
1 2 3 
7 4 6 
5 0 8 

===============================
1 2 3 
7 4 6 
5 0 8 

Heuristic: 6
1 2 3 
7 0 6 
5 4 8 

Heuristic: 4
1 2 3 
7 4 6 
0 5 8 

===============================
1 2 3 
7 4 6 
0 5 8 

Heuristic: 3
1 2 3 
0 4 6 
7 5 8 

===============================
1 2 3 
0 4 6 
7 5 8 

Heuristic: 4
0 2 3 
1 4 6 
7 5 8 

Heuristic: 2
1 2 3 
4 0 6 
7 5 8 

===============================
1 2 3 
4 0 6 
7 5 8 

Heuristic: 3
1 0 3 
4 2 6 
7 5 8 

Heuristic: 3
1 2 3 
4 6 0 
7 5 8 

Heuristic: 1
1 2 3 
4 5 6 
7 0 8 

===============================
1 2 3 
4 5 6 
7 0 8 

Heuristic: 0
1 2 3 
4 5 6 
7 8 0 

Heuristic: 2
1 2 3 
4 5 6 
0 7 8 

===============================
Finish
1 2 3 
4 5 6 
7 8 0 

